24
110
-21
-80
26
-31
-64
16
-29
6
-117
27
108
45
-48
-67
-81
-12
33
130
-11
-129
-175
-6
-34
-102
23
5
28
-23
-21
86
9
-15
122
-88
119
-77
146
-112
116
29
111
-60
-46
-80
-23
8
19
-80
-180
48
126
20
-79
-67
71
65
24
-33
-68
-116
-81
-69
69
72
50
-78
-13
-64
-39
17
43
-8
44
-136
-152
7
29
-1
-48
3
-87
90
51
-5
-33
-61
104
-4
20
46
69
9
51
67
64
-24
54
0
82
82
16
95
22
-35
-3
-58
118
11
-17
38
55
87
-53
39
-95
40
51
69
-32
-18
21
26
-92
16
14
83
-55
81
-39
-11
34
53
55
-26
120
80
-71
3
23
19
97
97
-61
134
-32
42
39
96
-54
10
50
118
112
-91
84
66
53
89
5
46
-65
23
60
-17
108
-128
-102
-16
75
-112
19
-92
19
-86
-69
-68
-13
18
54
39
-1
45
97
-106
92
-64
-29
12
67
103
42
-70
24
-92
5
1
-3
3
-89
-69
-5
63
-34
84
-2
-9
-105
43
-142
76
24
12
-74
-29
56
-71
-64
-84
18
-77
-69
-80
-16
100
16
37
-53
-129
-48
62
81
45
6
42
-11
47
74
-18
23
-9
-82
31
57
-76
118
1
-28
67
-11
-71
-70
-61
-45
14
