-19
-960
2
10
-24
49
-3
24
6
-13
-7
-27
9
-53
-8
8
-14
9
-10
-48
74
-17
-6
-258
-5
-8
-19
30
-11
4
18
23
11
-25
-39
-6
-76
-20
1
-50
-11
12
-10
-646
7
9
-5
1
26
17
-21
-6
-28
-17
6
8
-228
-26
0
14
9
-19
90
43
77
-14
-1
-5
7
3
2
-814
0
15
10
14
9
21
6
-12
-31
2
2
-40
-43
78
-1
-69
-85
3
8
-38
-22
1
-5
5
9
-16
-14
52
-161
6
1
-326
8
7
-46
15
16
-13
1
0
0
-13
38
2
33
-9
30
7
16
-19
-66
-24
1
10
38
49
71
23
-9
26
10
-8
14
7
-84
-89
-7
-19
11
98
-4
22
2
-79
-4
-1
-134
-6
-20
18
21
-9
0
-354
-69
-4
5
-51
-55
-48
-35
-18
20
-12
-55
144
49
-25
-3
-1
-10
6
6
-5
-23
114
14
-113
1
4
4
-7
20
11
-12
2
78
6
0
4
-191
-13
-4
17
-6
7
-19
33
-5
-17
2
-49
-22
2
-5
36
7
41
-8
-59
16
17
13
3
0
9
25
-8
18
51
-13
1
16
57
-25
183
6
-424
57
9
-131
58
-126
-6
5
24
22
-10
-92
7
-124
-7
-8
278
-3
0
-17
-204
5
-101
126
-9
12
63
